    unsorted:	 3.288020183e-006 36.70959617 34.54145457 28.79388888 55.17027942 142.4878323 390.2157296 296.7781821 855.9771639 946.9316937 1287.755360 1872.287971 1629.913908 2111.143654 2553.676520 3237.877182 4554.442074 5471.715361 13675.28707 17623.33544 66789.84720
      sorted:	 3.288020183e-006 28.79388888 34.54145457 36.70959617 55.17027942 142.4878323 296.7781821 390.2157296 855.9771639 946.9316937 1287.755360 1629.913908 1872.287971 2111.143654 2553.676520 3237.877182 4554.442074 5471.715361 13675.28707 17623.33544 66789.84720
