    unsorted:	 3.288020096e-006 36.70959616 34.54145458 28.79388888 55.17027941 142.4878323 390.2157296 296.7781822 855.9771633 946.9316937 1287.755358 1872.287968 1629.913907 2111.143654 2553.676517 3237.877178 4554.442073 5471.715361 13675.28707 17623.33543 66789.84716
      sorted:	 3.288020096e-006 28.79388888 34.54145458 36.70959616 55.17027941 142.4878323 296.7781822 390.2157296 855.9771633 946.9316937 1287.755358 1629.913907 1872.287968 2111.143654 2553.676517 3237.877178 4554.442073 5471.715361 13675.28707 17623.33543 66789.84716
