    unsorted:	 99.77809448 117.2225415 83.56520472 147.9247087 162.1348678 49.60337458 15.75588430 231.6115823 365.7980547 630.0457541 830.3916873 1070.865742 1101.779704 1342.035646 2011.926408 2755.585965 4368.271389 11008.03514 18512.78681 34942.12208 40120.47733 148142.7440
      sorted:	 15.75588430 49.60337458 83.56520472 99.77809448 117.2225415 147.9247087 162.1348678 231.6115823 365.7980547 630.0457541 830.3916873 1070.865742 1101.779704 1342.035646 2011.926408 2755.585965 4368.271389 11008.03514 18512.78681 34942.12208 40120.47733 148142.7440
